-1.48 0.969709 0 0.000182509
-1.4 0.971031 0 0.000182633
-1.32 0.973184 0 0.000182835
-1.24 0.975591 0 0.000183061
-1.16 0.978005 0 0.000183288
-1.08 0.982014 0 0.000183663
-1 0.985651 0 0.000184003
-0.92 0.990063 0 0.000184414
-0.84 0.994693 0 0.000184845
-0.76 0.999402 0 0.000185282
-0.68 1.00416 0 0.000185723
-0.6 1.00945 0 0.000186211
-0.52 1.01393 0 0.000186624
-0.44 1.01818 0 0.000187014
-0.36 1.02164 0 0.000187332
-0.28 1.02539 0 0.000187676
-0.2 1.02771 0 0.000187888
-0.12 1.02926 0 0.000188029
-0.04 1.03035 0 0.000188129
0.04 1.02984 0 0.000188082
0.12 1.02925 0 0.000188029
0.2 1.0275 0 0.000187868
0.28 1.02494 0 0.000187634
0.36 1.02192 0 0.000187357
0.44 1.01809 0 0.000187006
0.52 1.01394 0 0.000186625
0.6 1.00919 0 0.000186187
0.68 1.00458 0 0.000185761
0.76 0.999794 0 0.000185318
0.84 0.994634 0 0.000184839
0.92 0.989998 0 0.000184408
1 0.985934 0 0.000184029
1.08 0.982264 0 0.000183686
1.16 0.978241 0 0.00018331
1.24 0.975194 0 0.000183024
1.32 0.973331 0 0.000182849
1.4 0.971459 0 0.000182673
1.48 0.970471 0 0.00018258
