-0.99 0.974968 0 0.000320883
-0.93 0.975905 0 0.000321037
-0.87 0.977256 0 0.000321259
-0.81 0.9804 0 0.000321775
-0.75 0.983374 0 0.000322263
-0.69 0.987286 0 0.000322903
-0.63 0.991008 0 0.000323511
-0.57 0.995727 0 0.000324281
-0.51 0.999989 0 0.000324974
-0.45 1.00424 0 0.000325664
-0.39 1.00836 0 0.000326331
-0.33 1.01333 0 0.000327134
-0.27 1.01647 0 0.000327642
-0.21 1.02003 0 0.000328215
-0.15 1.02213 0 0.000328552
-0.09 1.02379 0 0.000328819
-0.03 1.02488 0 0.000328994
0.03 1.02465 0 0.000328958
0.09 1.02383 0 0.000328825
0.15 1.02207 0 0.000328542
0.21 1.02042 0 0.000328277
0.27 1.01674 0 0.000327685
0.33 1.01313 0 0.000327103
0.39 1.00911 0 0.000326453
0.45 1.00434 0 0.00032568
0.51 1.00046 0 0.000325051
0.57 0.995947 0 0.000324317
0.63 0.991882 0 0.000323654
0.69 0.986627 0 0.000322795
0.75 0.983868 0 0.000322344
0.81 0.979977 0 0.000321706
0.87 0.977366 0 0.000321277
0.93 0.975613 0 0.000320989
0.99 0.974825 0 0.000320859
