-0.74 0.992957 0 0.000343548
-0.7 0.99345 0 0.000343634
-0.66 0.994011 0 0.00034373
-0.62 0.994586 0 0.00034383
-0.58 0.995381 0 0.000343967
-0.54 0.996097 0 0.000344091
-0.5 0.995983 0 0.000344071
-0.46 0.998054 0 0.000344429
-0.42 0.998374 0 0.000344484
-0.38 1.00046 0 0.000344843
-0.34 1.00133 0 0.000344993
-0.3 1.00234 0 0.000345167
-0.26 1.0031 0 0.000345299
-0.22 1.00408 0 0.000345467
-0.18 1.00548 0 0.000345709
-0.14 1.00537 0 0.000345688
-0.1 1.00611 0 0.000345817
-0.06 1.00585 0 0.000345771
-0.02 1.00638 0 0.000345862
0.02 1.00613 0 0.00034582
0.06 1.00639 0 0.000345864
0.1 1.00622 0 0.000345835
0.14 1.00547 0 0.000345707
0.18 1.0046 0 0.000345557
0.22 1.004 0 0.000345453
0.26 1.00349 0 0.000345366
0.3 1.00207 0 0.000345121
0.34 1.00069 0 0.000344884
0.38 0.999951 0 0.000344756
0.42 0.999126 0 0.000344614
0.46 0.998445 0 0.000344496
0.5 0.996891 0 0.000344228
0.54 0.996395 0 0.000344143
0.58 0.995546 0 0.000343996
0.62 0.994187 0 0.000343761
0.66 0.994164 0 0.000343757
0.7 0.993392 0 0.000343623
0.74 0.993448 0 0.000343633
