-0.592 0.998384 0 0.000344522
-0.56 0.998909 0 0.000344613
-0.528 0.998704 0 0.000344577
-0.496 0.998806 0 0.000344595
-0.464 0.999618 0 0.000344735
-0.432 0.999066 0 0.00034464
-0.4 0.999189 0 0.000344661
-0.368 0.999862 0 0.000344777
-0.336 0.999989 0 0.000344799
-0.304 1.00009 0 0.000344816
-0.272 1.00061 0 0.000344907
-0.24 1.00033 0 0.000344859
-0.208 1.00027 0 0.000344848
-0.176 1.00141 0 0.000345045
-0.144 1.001 0 0.000344974
-0.112 1.0015 0 0.00034506
-0.08 1.00078 0 0.000344935
-0.048 1.00119 0 0.000345005
-0.016 1.00088 0 0.000344953
0.016 1.00083 0 0.000344944
0.048 1.00074 0 0.000344928
0.08 1.00092 0 0.00034496
0.112 1.00053 0 0.000344892
0.144 1.00109 0 0.000344989
0.176 1.00127 0 0.00034502
0.208 1.00012 0 0.000344821
0.24 1.00069 0 0.000344921
0.272 1.00055 0 0.000344896
0.304 1.00007 0 0.000344813
0.336 0.999939 0 0.00034479
0.368 1.00004 0 0.000344807
0.4 0.998469 0 0.000344537
0.432 0.999033 0 0.000344634
0.464 0.999083 0 0.000344643
0.496 0.999418 0 0.000344701
0.528 0.999056 0 0.000344638
0.56 0.998761 0 0.000344587
0.592 0.998804 0 0.000344595
