-0.99 0.979577 0 0.000172984
-0.93 0.980806 0 0.000173092
-0.87 0.982383 0 0.000173231
-0.81 0.984381 0 0.000173407
-0.75 0.986492 0 0.000173593
-0.69 0.989897 0 0.000173893
-0.63 0.992853 0 0.000174152
-0.57 0.996586 0 0.000174479
-0.51 1.00007 0 0.000174784
-0.45 1.00321 0 0.000175058
-0.39 1.00678 0 0.000175369
-0.33 1.01046 0 0.00017569
-0.27 1.01329 0 0.000175935
-0.21 1.01564 0 0.000176139
-0.15 1.01792 0 0.000176337
-0.09 1.01912 0 0.00017644
-0.03 1.01974 0 0.000176495
0.03 1.01996 0 0.000176513
0.09 1.01911 0 0.00017644
0.15 1.01766 0 0.000176314
0.21 1.01558 0 0.000176134
0.27 1.01347 0 0.000175951
0.33 1.01035 0 0.00017568
0.39 1.0072 0 0.000175406
0.45 1.00348 0 0.000175081
0.51 1.00008 0 0.000174785
0.57 0.996644 0 0.000174484
0.63 0.992993 0 0.000174164
0.69 0.990016 0 0.000173903
0.75 0.986775 0 0.000173618
0.81 0.984393 0 0.000173408
0.87 0.98242 0 0.000173235
0.93 0.980829 0 0.000173094
0.99 0.979838 0 0.000173007
