-0.74 0.994124 0 0.000184866
-0.7 0.994173 0 0.000184871
-0.66 0.994964 0 0.000184944
-0.62 0.995312 0 0.000184977
-0.58 0.995691 0 0.000185012
-0.54 0.996614 0 0.000185098
-0.5 0.997245 0 0.000185156
-0.46 0.998221 0 0.000185247
-0.42 0.998974 0 0.000185317
-0.38 1.0001 0 0.000185421
-0.34 1.00102 0 0.000185506
-0.3 1.00153 0 0.000185553
-0.26 1.00305 0 0.000185694
-0.22 1.00331 0 0.000185718
-0.18 1.00401 0 0.000185783
-0.14 1.00474 0 0.00018585
-0.1 1.00524 0 0.000185897
-0.06 1.0055 0 0.00018592
-0.02 1.00555 0 0.000185926
0.02 1.00557 0 0.000185927
0.06 1.00543 0 0.000185914
0.1 1.00517 0 0.000185891
0.14 1.0049 0 0.000185866
0.18 1.00408 0 0.00018579
0.22 1.00347 0 0.000185733
0.26 1.00277 0 0.000185668
0.3 1.00182 0 0.00018558
0.34 1.00142 0 0.000185543
0.38 0.999934 0 0.000185406
0.42 0.999054 0 0.000185324
0.46 0.998707 0 0.000185292
0.5 0.997491 0 0.000185179
0.54 0.99649 0 0.000185086
0.58 0.995853 0 0.000185027
0.62 0.995233 0 0.000184969
0.66 0.994675 0 0.000184917
0.7 0.994558 0 0.000184907
0.74 0.994024 0 0.000184857
